23, 15, 21, 35, 09
22, 32, 28, 24, 36
10, 17, 04, 21, 00
04, 25, 09, 37, 02
17, 36, 16, 25, 05
24, 12, 25, 15, 30
11, 16, 39, 23, 18
30, 17, 02, 04, 16
01, 38, 40, 22, 14
00, 03, 24, 13, 25
26, 25, 39, 20, 09
08, 25, 17, 23, 03
17, 19, 27, 06, 15
24, 30, 29, 31, 25
18, 36, 04, 22, 09
33, 23, 06, 38, 40
15, 28, 23, 13, 11
25, 21, 15, 06, 14
19, 06, 01, 03, 12
22, 09, 11, 40, 37
35, 17, 07, 32, 20
29, 36, 06, 26, 28
34, 06, 05, 00, 21
19, 40, 23, 00, 15
27, 37, 17, 05, 33
36, 01, 03, 33, 20
11, 37, 04, 27, 14
00, 06, 15, 04, 33
11, 12, 23, 01, 37
00, 05, 10, 23, 11
17, 06, 18, 01, 25
11, 07, 40, 02, 06
06, 30, 03, 18, 39
04, 34, 28, 12, 37
32, 00, 34, 28, 17
01, 39, 26, 19, 33
16, 20, 17, 19, 15
30, 40, 03, 24, 02
04, 27, 34, 18, 19
28, 21, 18, 32, 37
13, 39, 10, 34, 38
24, 08, 13, 19, 38
32, 03, 37, 38, 20
30, 24, 17, 33, 15
36, 17, 10, 08, 05
29, 09, 20, 15, 23
33, 02, 27, 29, 09
38, 34, 32, 04, 27
19, 01, 21, 10, 32
35, 23, 13, 03, 33
31, 21, 28, 14, 22
19, 11, 22, 26, 09
37, 10, 39, 32, 12
19, 04, 30, 16, 08
16, 03, 13, 08, 32
17, 09, 05, 34, 36
21, 08, 32, 13, 10
35, 01, 14, 30, 08
21, 08, 09, 01, 22
12, 22, 27, 30, 19
00, 15, 29, 40, 12
22, 10, 17, 15, 39
12, 04, 34, 38, 05
36, 20, 04, 28, 26
16, 39, 14, 29, 02
33, 12, 16, 37, 22
25, 00, 05, 24, 27
11, 24, 13, 18, 22
23, 33, 40, 28, 26
37, 18, 29, 24, 05
11, 26, 34, 03, 21
08, 22, 35, 40, 26
36, 30, 06, 37, 14
01, 11, 04, 36, 38
20, 19, 16, 17, 30
14, 24, 10, 30, 04
31, 25, 19, 11, 35
13, 19, 23, 30, 17
10, 22, 25, 18, 11
23, 27, 33, 10, 00
27, 12, 22, 25, 15
17, 04, 28, 23, 32
16, 40, 33, 38, 07
04, 37, 20, 02, 03
32, 10, 33, 15, 14
40, 18, 35, 19, 12
18, 30, 22, 03, 07
09, 18, 36, 06, 13
26, 32, 39, 07, 00
31, 12, 01, 00, 06
00, 38, 35, 21, 02
28, 29, 22, 16, 13
31, 33, 24, 05, 00
21, 03, 00, 27, 28
02, 04, 31, 00, 40
32, 06, 05, 39, 11
37, 38, 21, 33, 22
18, 08, 06, 37, 14
29, 15, 35, 21, 18
33, 30, 39, 10, 38
24, 08, 16, 17, 21
37, 28, 22, 06, 09
22, 35, 24, 16, 37
07, 03, 06, 13, 18
15, 38, 12, 31, 13
28, 01, 30, 26, 29
12, 05, 26, 18, 23
38, 08, 23, 02, 16
04, 36, 38, 27, 35
00, 37, 13, 30, 16
17, 14, 26, 03, 30
35, 28, 14, 10, 25
25, 11, 09, 03, 14
39, 37, 10, 18, 15
00, 34, 04, 26, 36
31, 29, 35, 19, 06
10, 19, 28, 06, 03
37, 07, 06, 00, 31
23, 08, 33, 26, 35
32, 33, 27, 03, 02
01, 25, 04, 17, 35
36, 15, 26, 35, 11
01, 11, 22, 23, 12
39, 34, 19, 18, 04
09, 20, 37, 24, 35
12, 05, 13, 01, 19
36, 21, 19, 11, 12
00, 29, 21, 03, 40
31, 08, 30, 13, 03
07, 38, 39, 25, 11
02, 07, 20, 32, 40
22, 24, 35, 27, 14
36, 33, 13, 23, 39
21, 22, 10, 29, 34
31, 37, 16, 12, 33
02, 34, 05, 28, 40
16, 06, 20, 22, 40
02, 32, 10, 25, 34
18, 35, 32, 02, 29
32, 04, 08, 24, 34
34, 07, 17, 18, 40
25, 38, 02, 28, 05
37, 00, 17, 19, 11
11, 23, 12, 25, 13
01, 30, 21, 31, 00
37, 08, 40, 32, 21
01, 19, 03, 35, 18
33, 16, 09, 06, 40
13, 35, 04, 34, 09
40, 31, 27, 03, 18
20, 18, 27, 35, 11
06, 02, 08, 31, 04
15, 21, 00, 30, 14
22, 02, 34, 21, 03
40, 31, 08, 19, 16
31, 13, 08, 11, 12
16, 40, 14, 15, 29
21, 33, 17, 07, 25
06, 26, 20, 03, 30
29, 27, 31, 05, 13
33, 26, 21, 13, 15
30, 19, 18, 06, 12
33, 07, 14, 06, 12
34, 17, 39, 33, 24
23, 01, 28, 06, 30
03, 01, 07, 38, 25
20, 07, 18, 09, 32
32, 26, 27, 20, 37
03, 05, 11, 01, 18
10, 15, 09, 24, 05
08, 11, 37, 31, 29
40, 32, 24, 20, 18
16, 08, 20, 07, 12
36, 25, 33, 12, 39
21, 11, 15, 01, 38
30, 40, 22, 19, 21
09, 24, 10, 05, 19
29, 24, 32, 34, 30
02, 27, 08, 09, 14
11, 39, 31, 40, 13
09, 29, 13, 20, 36
25, 10, 05, 07, 27
15, 16, 04, 32, 31
24, 14, 16, 10, 09
34, 18, 03, 11, 21
38, 13, 22, 07, 08
34, 26, 32, 06, 05
10, 40, 15, 12, 33
04, 18, 36, 14, 32
29, 28, 15, 12, 38
30, 05, 03, 11, 27
04, 22, 29, 01, 23
21, 19, 28, 01, 34
03, 27, 40, 00, 08
02, 23, 04, 37, 18
27, 11, 22, 37, 34
18, 10, 06, 30, 27
25, 18, 12, 01, 14
09, 22, 11, 36, 04
22, 29, 32, 40, 07
09, 40, 04, 01, 08
25, 33, 06, 15, 01
38, 13, 27, 07, 37
38, 13, 29, 15, 25
01, 26, 02, 32, 05
00, 34, 01, 03, 06
39, 32, 11, 12, 04
21, 29, 36, 14, 22
26, 08, 05, 40, 32
03, 38, 37, 26, 10
29, 23, 07, 40, 09
24, 02, 30, 37, 08
10, 04, 26, 27, 08
15, 17, 06, 32, 11
40, 38, 34, 07, 12
13, 07, 06, 18, 11
11, 36, 02, 23, 33
30, 37, 34, 23, 00
09, 06, 07, 01, 04
19, 38, 37, 24, 09
36, 19, 32, 12, 33
37, 10, 11, 09, 02
05, 40, 11, 14, 06
11, 03, 18, 23, 08
19, 40, 22, 11, 14
02, 05, 38, 27, 18
18, 22, 35, 10, 04
03, 14, 34, 01, 24
00, 26, 02, 03, 25
00, 26, 09, 32, 18
39, 00, 08, 28, 17
10, 30, 02, 00, 31
25, 23, 40, 34, 06
19, 22, 27, 09, 31
00, 21, 19, 17, 34
28, 02, 27, 16, 18
36, 26, 01, 16, 37
04, 23, 31, 07, 12
15, 31, 11, 32, 37
08, 01, 17, 38, 23
26, 40, 18, 12, 09
05, 20, 29, 40, 36
16, 34, 29, 23, 04
20, 38, 36, 27, 40
37, 35, 21, 09, 20
10, 34, 20, 31, 36
34, 05, 07, 16, 24
32, 00, 36, 37, 24
23, 38, 16, 22, 08
23, 38, 06, 25, 16
05, 06, 34, 36, 25
20, 08, 00, 21, 22
09, 33, 37, 16, 06
22, 37, 26, 34, 16
10, 26, 19, 06, 02
18, 07, 12, 39, 00
16, 24, 05, 02, 13
24, 17, 21, 34, 16
14, 23, 27, 17, 34
26, 13, 07, 30, 40
18, 25, 00, 07, 20
27, 02, 33, 03, 35
20, 02, 32, 36, 29
32, 12, 36, 22, 26
07, 24, 28, 23, 27
18, 33, 26, 00, 01
20, 39, 04, 03, 25
24, 20, 13, 32, 03
06, 00, 09, 01, 21
40, 33, 37, 36, 30
11, 01, 22, 14, 30
12, 16, 37, 24, 38
26, 15, 35, 21, 02
06, 30, 33, 39, 37
16, 39, 17, 18, 06
27, 40, 13, 34, 29
07, 29, 15, 14, 04
28, 06, 39, 30, 00
10, 02, 22, 09, 01
05, 00, 15, 01, 35
22, 26, 15, 34, 27
30, 39, 02, 16, 09
00, 28, 24, 05, 33
14, 25, 40, 01, 23
06, 05, 13, 26, 03
25, 30, 18, 14, 06
10, 19, 06, 28, 05
07, 03, 06, 20, 22
39, 16, 28, 07, 25
33, 36, 25, 08, 27
20, 38, 01, 17, 29
23, 09, 04, 31, 22
02, 39, 10, 14, 31
38, 29, 16, 40, 23
07, 20, 34, 00, 15
36, 10, 17, 08, 23
07, 10, 08, 32, 17
16, 06, 40, 32, 35
10, 31, 16, 04, 18
13, 24, 33, 08, 36
04, 20, 34, 29, 22
15, 11, 34, 03, 10
20, 21, 19, 33, 06
37, 26, 33, 21, 03
26, 18, 07, 01, 22
22, 29, 13, 14, 30
40, 16, 10, 19, 15
09, 32, 35, 17, 18
33, 10, 39, 26, 00
07, 10, 21, 34, 40
00, 24, 08, 20, 17
27, 17, 22, 00, 20
34, 02, 32, 07, 35
03, 02, 34, 36, 16
36, 05, 31, 30, 28
02, 09, 33, 14, 23
09, 35, 34, 16, 24
23, 35, 22, 12, 28
34, 37, 32, 40, 24
34, 10, 24, 01, 08
15, 30, 07, 33, 06
07, 21, 32, 27, 06
22, 35, 17, 15, 16
02, 04, 33, 29, 09
21, 07, 05, 13, 36
01, 39, 28, 37, 26
27, 06, 12, 10, 34
32, 02, 36, 35, 00
05, 36, 01, 09, 40
36, 23, 34, 01, 35
23, 30, 12, 39, 18
21, 03, 32, 18, 10
13, 11, 08, 23, 39
37, 28, 01, 04, 29
22, 37, 06, 21, 26
08, 12, 00, 09, 23
14, 28, 31, 29, 37
31, 06, 34, 13, 08
34, 33, 12, 23, 02
26, 19, 37, 28, 27
36, 10, 33, 22, 11
17, 25, 23, 12, 02
02, 32, 34, 22, 11
11, 01, 38, 08, 05
12, 25, 33, 06, 10
35, 26, 37, 04, 15
02, 21, 15, 27, 39
38, 18, 29, 34, 09
34, 20, 08, 28, 10
22, 17, 28, 32, 35
06, 04, 01, 27, 40
01, 30, 05, 15, 08
27, 02, 19, 04, 18
27, 38, 08, 01, 32
10, 13, 22, 19, 05
05, 30, 39, 02, 24
28, 07, 20, 40, 30
05, 32, 37, 34, 23
14, 24, 34, 29, 30
12, 11, 17, 13, 30
20, 33, 31, 06, 25
25, 27, 36, 31, 01
02, 06, 12, 35, 31
30, 16, 19, 00, 38
38, 01, 40, 17, 02
24, 08, 05, 06, 40
30, 09, 12, 40, 21
19, 24, 16, 03, 18
22, 27, 24, 12, 09
16, 23, 24, 37, 19
16, 14, 06, 38, 13
40, 15, 31, 03, 26
10, 03, 06, 07, 35
01, 28, 22, 16, 39
31, 20, 30, 19, 21
05, 13, 33, 09, 14
08, 00, 23, 38, 20
36, 28, 40, 07, 37
38, 16, 08, 28, 14
38, 08, 18, 01, 09
25, 10, 13, 14, 22
22, 29, 40, 04, 11
01, 23, 39, 37, 24
24, 13, 31, 11, 20
08, 18, 05, 23, 37
02, 21, 30, 40, 24
36, 11, 15, 07, 26
11, 36, 35, 20, 15
38, 12, 16, 31, 14
12, 03, 36, 21, 28
17, 21, 32, 36, 33
06, 24, 35, 34, 38
16, 00, 40, 29, 13
38, 15, 29, 02, 32
33, 11, 16, 08, 37
28, 26, 35, 24, 38
25, 40, 07, 02, 21
20, 17, 16, 03, 08
32, 24, 19, 26, 23
14, 28, 09, 32, 08
05, 25, 23, 24, 22
08, 28, 10, 05, 24
27, 02, 18, 33, 09
39, 03, 19, 32, 05
08, 11, 32, 23, 00
37, 32, 22, 16, 09
35, 13, 16, 39, 23
37, 05, 14, 23, 07
22, 11, 26, 06, 24
32, 10, 27, 30, 11
02, 14, 15, 24, 36
05, 35, 23, 19, 31
34, 05, 03, 38, 08
37, 24, 09, 35, 22
05, 39, 04, 30, 37
03, 08, 30, 38, 07
37, 09, 34, 20, 33
39, 38, 03, 33, 05
14, 25, 23, 11, 12
02, 12, 04, 01, 28
31, 29, 16, 37, 07
19, 14, 23, 12, 16
03, 37, 17, 39, 09
11, 29, 21, 24, 05
14, 18, 20, 08, 25
30, 16, 17, 11, 28
08, 30, 14, 12, 10
20, 31, 14, 10, 22
19, 00, 04, 37, 06
06, 21, 39, 19, 26
28, 40, 22, 34, 24
27, 40, 01, 06, 03
31, 26, 30, 07, 32
39, 34, 31, 38, 16
06, 29, 16, 13, 31
33, 18, 10, 04, 40
10, 11, 23, 06, 34
34, 06, 10, 08, 29
11, 39, 16, 25, 02
01, 21, 19, 06, 11
04, 31, 14, 35, 12
17, 33, 21, 07, 35
30, 10, 13, 23, 08
39, 15, 30, 02, 25
33, 11, 37, 36, 01
08, 10, 39, 32, 35
40, 10, 25, 01, 34
25, 36, 14, 28, 24
35, 05, 30, 06, 07
33, 04, 34, 18, 20
07, 05, 06, 02, 40
23, 18, 38, 26, 11
08, 30, 35, 02, 14
13, 29, 21, 36, 32
09, 37, 08, 15, 24
35, 28, 01, 31, 14
29, 32, 17, 19, 37
02, 12, 23, 26, 20
00, 04, 34, 19, 22
29, 39, 26, 38, 17
21, 27, 35, 20, 11
22, 37, 38, 29, 24
10, 20, 04, 13, 15
13, 00, 21, 16, 05
19, 35, 04, 26, 06
10, 11, 06, 05, 15
13, 30, 20, 26, 31
36, 25, 24, 17, 01
29, 17, 13, 12, 10
40, 20, 19, 14, 07
32, 20, 18, 10, 07
29, 20, 16, 06, 01
34, 31, 08, 03, 02
33, 22, 18, 05, 02
36, 16, 10, 01, 00
38, 27, 26, 19, 11
35, 30, 26, 21, 19
35, 30, 26, 21, 16
40, 37, 33, 13, 04
40, 37, 29, 22, 14
39, 30, 27, 21, 15
31, 18, 12, 09, 05
34, 28, 22, 21, 16
34, 22, 05, 04, 02
39, 31, 18, 12, 09
39, 30, 27, 22, 21
30, 28, 22, 14, 00
39, 30, 28, 24, 02
33, 30, 16, 05, 02
27, 26, 22, 08, 07
36, 30, 15, 12, 03
38, 37, 35, 23, 13
35, 31, 28, 25, 14
38, 28, 25, 20, 02
29, 20, 08, 03, 00
34, 25, 21, 14, 08
28, 26, 16, 11, 03
32, 30, 25, 24, 17
39, 27, 15, 12, 01
33, 22, 19, 10, 04
38, 31, 29, 26, 20
36, 31, 23, 14, 00
39, 31, 13, 09, 07
33, 32, 24, 17, 11
32, 29, 22, 19, 05
30, 27, 22, 18, 01
37, 35, 30, 24, 18
40, 34, 21, 16, 11
40, 22, 19, 17, 14
38, 35, 31, 07, 01
38, 33, 26, 18, 05
33, 30, 27, 22, 18
40, 33, 27, 22, 18
36, 21, 20, 07, 03
38, 25, 22, 18, 04
39, 35, 30, 05, 01
37, 34, 27, 04, 01
39, 33, 26, 17, 08
40, 32, 28, 03, 02
32, 29, 22, 16, 09
40, 38, 33, 29, 13
39, 36, 34, 20, 06
38, 37, 35, 34, 14
32, 26, 22, 11, 00
35, 34, 28, 18, 07
40, 37, 24, 22, 19
38, 28, 25, 15, 10
37, 33, 22, 16, 00
39, 35, 33, 28, 21
37, 32, 25, 24, 10
23, 21, 07, 05, 04
38, 33, 28, 25, 04
39, 35, 31, 27, 24
34, 31, 14, 12, 06
38, 33, 11, 08, 04
39, 30, 26, 17, 14
30, 26, 18, 14, 00
31, 30, 29, 19, 06
40, 21, 13, 12, 09
27, 21, 16, 09, 03
35, 31, 22, 17, 13
30, 29, 28, 24, 19
40, 21, 13, 09, 05
38, 33, 30, 20, 08
36, 33, 31, 30, 04
36, 31, 25, 23, 16
38, 30, 22, 17, 11
38, 30, 20, 12, 09
35, 24, 23, 12, 05
34, 30, 27, 04, 02
39, 34, 28, 24, 23
36, 31, 20, 17, 14
36, 32, 28, 13, 00
35, 28, 23, 14, 11
39, 30, 14, 12, 00
33, 21, 20, 11, 08
29, 16, 05, 04, 01
38, 37, 34, 30, 24
38, 31, 22, 20, 14
40, 31, 29, 26, 21
34, 32, 30, 28, 00
39, 33, 28, 21, 14
38, 31, 27, 25, 24
39, 38, 29, 27, 24
38, 35, 31, 22, 17
40, 37, 33, 28, 22
30, 22, 18, 10, 08
31, 26, 22, 16, 09
35, 23, 18, 15, 14
32, 29, 26, 24, 04
40, 37, 32, 26, 16
36, 35, 32, 28, 13
38, 35, 28, 21, 14
39, 38, 34, 30, 03
40, 32, 22, 16, 09
33, 31, 29, 28, 04
31, 28, 24, 13, 01
36, 31, 26, 22, 17
33, 28, 23, 13, 02
36, 32, 29, 23, 12
33, 31, 14, 12, 11
40, 35, 32, 19, 04
40, 38, 25, 15, 10
37, 30, 24, 19, 04
38, 30, 22, 17, 11
34, 31, 12, 03, 02
32, 30, 24, 12, 03